1384304894899	-89.40766096114852	43.07113766670102	215.0	0.0
1384304895899	-89.40766096114852	43.07113766670102	215.0	0.0
1384304896899	-89.40766096114852	43.07113766670102	215.0	0.0
1384304897869	-89.40791845321395	43.07130932807797	218.0	0.0
1384304898876	-89.40791845321395	43.07130932807797	218.0	0.0
1384304899876	-89.40776824950912	43.07138442993039	215.0	0.0
1384304900869	-89.40787553786971	43.07088017463559	304.0	0.0
1384304901866	-89.40787553786971	43.07088017463559	304.0	0.0
1384304902898	-89.40787553786971	43.07088017463559	304.0	0.0
1384304904000	-89.40787553786971	43.07088017463559	304.0	0.0
1384304905000	-89.40787553786971	43.07088017463559	304.0	0.0
1384304906000	-89.40787553786971	43.07088017463559	304.0	0.0
1384304907000	-89.40787553786971	43.07088017463559	304.0	0.0
1384304908000	-89.40787553786971	43.07088017463559	304.0	0.0
1384304909000	-89.40787553786971	43.07088017463559	304.0	0.0
1384304910000	-89.40787553786971	43.07088017463559	304.0	0.0
1384304911000	-89.40787553786971	43.07088017463559	304.0	0.0
1384304912000	-89.40787553786971	43.07088017463559	304.0	0.0
1384304913000	-89.40787553786971	43.07088017463559	304.0	0.0
1384304914000	-89.40787553786971	43.07088017463559	304.0	0.0
1384304915000	-89.40787553786971	43.07088017463559	304.0	0.0
1384304916000	-89.40787553786971	43.07088017463559	304.0	0.0
1384304917000	-89.40776824950912	43.07090163230771	259.0	0.0
1384304918000	-89.40776824950912	43.07090163230771	259.0	0.0
1384304919000	-89.40776824950912	43.07090163230771	259.0	0.0
1384304920000	-89.40776824950912	43.07090163230771	259.0	0.0
1384304921000	-89.40776824950912	43.07090163230771	259.0	0.0
1384304922000	-89.40776824950912	43.07090163230771	259.0	0.0
1384304923000	-89.40776824950912	43.07090163230771	259.0	0.0
1384304924000	-89.40776824950912	43.07090163230771	259.0	0.0
1384304925000	-89.40776824950912	43.07090163230771	254.0	0.0
1384304926000	-89.40776824950912	43.07090163230771	252.0	0.0
1384304927000	-89.40776824950912	43.07090163230771	250.0	0.0
1384304928000	-89.40776824950912	43.07091236114377	247.0	0.0
1384304929000	-89.407746791837	43.07093381881589	247.0	0.0
1384304930000	-89.40772533416488	43.07095527648801	247.0	0.0
1384304931000	-89.40768241882064	43.070987462996186	247.0	0.0
1384304932000	-89.40766096114852	43.071008920668305	247.0	0.0
1384304933000	-89.40766096114852	43.071030378340424	247.0	0.0
1384304934000	-89.4076395034764	43.071041107176484	247.0	0.0
1384304935000	-89.4076395034764	43.0710625648486	247.0	0.0
1384304936000	-89.4076395034764	43.07108402252072	247.0	0.0
1384304937000	-89.40761804580428	43.07109475135678	247.0	0.0
1384304938000	-89.40761804580428	43.07110548019284	247.0	0.0
1384304939000	-89.40761804580428	43.0711162090289	247.0	0.0
1384304940000	-89.40761804580428	43.0711162090289	247.0	0.0
1384304941000	-89.40761804580428	43.07112693786496	247.0	0.0
1384304942000	-89.4076395034764	43.07112693786496	247.0	0.0
1384304943000	-89.4076395034764	43.07112693786496	247.0	0.0
1384304944000	-89.4076395034764	43.07113766670102	247.0	0.0
1384304945000	-89.40766096114852	43.07113766670102	247.0	0.0
1384304946000	-89.40766096114852	43.07114839553708	247.0	0.0
1384304947000	-89.40766096114852	43.07114839553708	247.0	0.0
1384304948000	-89.40768241882064	43.07114839553708	247.0	0.0
1384304949000	-89.40768241882064	43.07114839553708	247.0	0.0
1384304950000	-89.40766096114852	43.07115912437314	247.0	0.0
1384304951000	-89.40766096114852	43.07115912437314	247.0	0.0
1384304952000	-89.40766096114852	43.07115912437314	247.0	0.0
1384304953000	-89.4076395034764	43.07114839553708	247.0	0.0
1384304954000	-89.40761804580428	43.07114839553708	248.0	0.0
1384304955000	-89.40761804580428	43.07114839553708	248.0	0.0
1384304956000	-89.40759658813217	43.07115912437314	248.0	0.0
1384304957000	-89.40757513046005	43.07115912437314	248.0	0.0
1384304958000	-89.40755367278793	43.07115912437314	248.0	0.0
1384304959000	-89.40753221511581	43.07115912437314	248.0	0.0
1384304960000	-89.40753221511581	43.07115912437314	248.0	0.0
1384304961000	-89.40751075744369	43.07115912437314	248.0	0.0
1384304962000	-89.40748929977157	43.07115912437314	248.0	0.0
1384304963000	-89.40746784209945	43.07115912437314	248.0	0.0
1384304964000	-89.40746784209945	43.07115912437314	248.0	0.0
1384304965000	-89.40744638442733	43.07115912437314	248.0	0.0
1384304966000	-89.40744638442733	43.07114839553708	248.0	0.0
1384304967000	-89.40744638442733	43.07114839553708	248.0	0.0
1384304968000	-89.40744638442733	43.07114839553708	248.0	0.0
1384304969000	-89.40742492675521	43.07114839553708	248.0	0.0
1384304970000	-89.40742492675521	43.07114839553708	248.0	0.0
1384304971000	-89.40742492675521	43.07114839553708	248.0	0.0
1384304972000	-89.40742492675521	43.07114839553708	248.0	0.0
1384304973000	-89.40742492675521	43.07114839553708	249.0	0.0
1384304974000	-89.40740346908309	43.07113766670102	249.0	0.0
1384304975000	-89.40740346908309	43.07112693786496	249.0	0.0
1384304976000	-89.40740346908309	43.0711162090289	249.0	0.0
1384304977000	-89.40738201141097	43.07109475135678	249.0	1.9444444179534912
1384304978000	-89.40738201141097	43.07107329368466	249.0	1.9444444179534912
1384304979000	-89.40738201141097	43.0710625648486	249.0	1.9444444179534912
1384304980000	-89.40738201141097	43.07105183601254	249.0	1.6666666269302368
1384304981000	-89.40736055373885	43.071041107176484	249.0	1.3888888359069824
1384304982000	-89.40736055373885	43.071030378340424	249.0	1.1111111640930176
1384304983000	-89.40736055373885	43.071008920668305	249.0	0.0
1384304984000	-89.40736055373885	43.070998191832246	249.0	0.0
1384304985000	-89.40733909606674	43.070998191832246	249.0	0.0
1384304986000	-89.40733909606674	43.070987462996186	250.0	0.0
1384304987000	-89.40736055373885	43.070976734160126	250.0	0.0
1384304988000	-89.40736055373885	43.070976734160126	250.0	1.1111111640930176
1384304989000	-89.40736055373885	43.07096600532407	250.0	1.3888888359069824
1384304990000	-89.40738201141097	43.07096600532407	249.0	1.9444444179534912
1384304991000	-89.40740346908309	43.07096600532407	249.0	3.055555582046509
1384304992000	-89.40746784209945	43.070976734160126	249.0	3.8888888359069824
1384304993000	-89.40751075744369	43.070987462996186	249.0	4.166666507720947
1384304994000	-89.40757513046005	43.071008920668305	245.0	4.44444465637207
1384304995000	-89.4076395034764	43.071019649504365	242.0	4.722222328186035
1384304996000	-89.40770387649276	43.071030378340424	239.0	5.0
1384304997000	-89.40778970718124	43.07105183601254	237.0	5.55555534362793
1384304998000	-89.4078540801976	43.0710625648486	235.0	5.833333492279053
1384304999000	-89.40791845321395	43.07107329368466	233.0	5.833333492279053
1384305000000	-89.40800428390243	43.07107329368466	232.0	5.833333492279053
1384305001000	-89.40806865691879	43.07108402252072	230.0	6.388888835906982
1384305002000	-89.40815448760726	43.07109475135678	229.0	6.666666507720947
1384305003000	-89.40824031829574	43.07109475135678	228.0	6.666666507720947
1384305004000	-89.4083046913121	43.07110548019284	228.0	6.666666507720947
1384305005000	-89.40847635268905	43.0711162090289	227.0	6.666666507720947
1384305006000	-89.40856218337753	43.07112693786496	227.0	6.666666507720947
1384305007000	-89.40862655639388	43.07112693786496	226.0	6.111111164093018
1384305008000	-89.40869092941024	43.07112693786496	226.0	5.0
1384305009000	-89.4087553024266	43.07113766670102	225.0	4.44444465637207
1384305010000	-89.40879821777084	43.07113766670102	225.0	3.6111111640930176
1384305011000	-89.40884113311508	43.07113766670102	225.0	2.777777671813965
1384305012000	-89.40884113311508	43.07113766670102	225.0	0.0
1384305013000	-89.40884113311508	43.07113766670102	225.0	0.0
1384305014000	-89.40884113311508	43.07113766670102	225.0	0.0
1384305015000	-89.40884113311508	43.07113766670102	225.0	0.0
1384305016000	-89.40884113311508	43.07113766670102	225.0	0.0
1384305017000	-89.40899133681991	43.07114839553708	225.0	0.0
1384305018000	-89.40899133681991	43.07114839553708	225.0	0.0
1384305019000	-89.40903425216415	43.07120203971738	225.0	5.0
1384305020000	-89.40903425216415	43.071266412733735	225.0	5.277777671813965
1384305021000	-89.40903425216415	43.07133078575009	224.0	6.111111164093018
1384305022000	-89.40903425216415	43.07138442993039	224.0	6.111111164093018
1384305023000	-89.40903425216415	43.07144880294675	224.0	6.94444465637207
1384305024000	-89.40903425216415	43.071523904799164	224.0	6.94444465637207
1384305025000	-89.40903425216415	43.07160973548764	224.0	8.61111068725586
1384305026000	-89.40903425216415	43.07168483734006	224.0	8.88888931274414
1384305027000	-89.40901279449203	43.071770668028535	224.0	8.88888931274414
1384305028000	-89.40901279449203	43.07185649871701	225.0	9.166666984558105
1384305029000	-89.40899133681991	43.07194232940549	225.0	9.166666984558105
1384305030000	-89.40899133681991	43.072028160093964	224.0	8.88888931274414
1384305031000	-89.40899133681991	43.07211399078244	224.0	7.777777671813965
1384305032000	-89.40899133681991	43.0721783637988	224.0	5.833333492279053
1384305033000	-89.40899133681991	43.07222127914304	224.0	5.277777671813965
1384305034000	-89.40899133681991	43.07222127914304	224.0	0.0
1384305035000	-89.40899133681991	43.07222127914304	224.0	0.0
1384305036000	-89.40899133681991	43.07222127914304	224.0	0.0
1384305037000	-89.40899133681991	43.07222127914304	224.0	0.0
1384305038000	-89.40899133681991	43.07222127914304	224.0	0.0
1384305039000	-89.40899133681991	43.07222127914304	224.0	0.0
1384305040000	-89.40899133681991	43.07232856750363	223.0	0.0
1384305041000	-89.40899133681991	43.07232856750363	223.0	0.0
1384305042000	-89.40899133681991	43.07237148284787	223.0	2.777777671813965
1384305043000	-89.40899133681991	43.07237148284787	223.0	0.0
1384305044000	-89.40899133681991	43.07237148284787	223.0	0.0
1384305045000	-89.40899133681991	43.07237148284787	223.0	0.0
1384305046000	-89.40899133681991	43.07237148284787	223.0	0.0
1384305047000	-89.40899133681991	43.07237148284787	223.0	0.0
1384305048000	-89.40899133681991	43.07237148284787	223.0	0.0
1384305049000	-89.40899133681991	43.07237148284787	223.0	0.0
1384305050000	-89.40899133681991	43.07237148284787	223.0	0.0
1384305051000	-89.40899133681991	43.07237148284787	223.0	0.0
1384305052000	-89.40899133681991	43.07237148284787	223.0	0.0
1384305053000	-89.40899133681991	43.07237148284787	223.0	0.0
1384305054000	-89.40899133681991	43.07237148284787	223.0	0.0
1384305055000	-89.40896987914779	43.072489500044526	223.0	3.055555582046509
1384305056000	-89.40896987914779	43.072521686552705	224.0	3.8888888359069824
1384305057000	-89.40896987914779	43.07256460189694	224.0	4.44444465637207
1384305058000	-89.40896987914779	43.07260751724118	224.0	4.722222328186035
1384305059000	-89.40896987914779	43.07266116142148	225.0	5.55555534362793
1384305060000	-89.40896987914779	43.07271480560178	225.0	5.833333492279053
1384305061000	-89.40896987914779	43.072757720946015	225.0	5.833333492279053
1384305062000	-89.40896987914779	43.07281136512631	225.0	5.833333492279053
1384305063000	-89.40896987914779	43.07286500930661	225.0	5.833333492279053
1384305064000	-89.40896987914779	43.07290792465085	225.0	5.55555534362793
1384305065000	-89.40896987914779	43.07295083999509	225.0	5.277777671813965
1384305066000	-89.40896987914779	43.072993755339326	225.0	4.722222328186035
1384305067000	-89.40896987914779	43.073025941847504	225.0	3.8888888359069824
1384305068000	-89.40896987914779	43.07305812835568	225.0	3.055555582046509
1384305069000	-89.40896987914779	43.07305812835568	225.0	0.0
1384305070000	-89.40896987914779	43.07305812835568	225.0	0.0
1384305071000	-89.40896987914779	43.07305812835568	225.0	0.0
1384305072000	-89.40896987914779	43.07305812835568	225.0	0.0
1384305073000	-89.40896987914779	43.07315468788022	225.0	0.0
1384305074000	-89.40896987914779	43.07315468788022	225.0	0.0
1384305075000	-89.40894842147567	43.07319760322446	225.0	2.5
1384305076000	-89.40894842147567	43.07321906089658	225.0	3.055555582046509
1384305077000	-89.40894842147567	43.073261976240815	225.0	4.166666507720947
1384305078000	-89.40901279449203	43.07330489158505	225.0	4.722222328186035
1384305079000	-89.40905570983627	43.07333707809323	225.0	4.722222328186035
1384305080000	-89.40916299819686	43.07335853576535	225.0	5.833333492279053
1384305081000	-89.40924882888534	43.07336926460141	225.0	6.388888835906982
1384305082000	-89.40933465957382	43.07339072227353	225.0	7.222222328186035
1384305083000	-89.40944194793441	43.07340145110959	226.0	7.777777671813965
1384305084000	-89.409549236295	43.07341217994565	227.0	8.333333015441895
1384305085000	-89.4096565246556	43.07342290878171	228.0	8.88888931274414
1384305086000	-89.4097638130162	43.07343363761777	228.0	9.166666984558105
1384305087000	-89.4098711013768	43.07344436645383	229.0	9.44444465637207
1384305088000	-89.40999984740951	43.07345509528989	230.0	9.44444465637207
1384305089000	-89.4101071357701	43.07345509528989	230.0	9.44444465637207
1384305090000	-89.41023588180282	43.07346582412595	230.0	9.44444465637207
1384305091000	-89.41034317016342	43.073476552962006	230.0	9.166666984558105
1384305092000	-89.41045045852401	43.073476552962006	230.0	8.61111068725586
1384305093000	-89.4105577468846	43.073476552962006	230.0	8.333333015441895
1384305094000	-89.41064357757308	43.073476552962006	230.0	7.222222328186035
1384305095000	-89.41072940826156	43.073476552962006	230.0	6.388888835906982
1384305096000	-89.41081523895004	43.073476552962006	230.0	6.388888835906982
1384305097000	-89.4108796119664	43.073487281798066	230.0	6.388888835906982
1384305098000	-89.41096544265487	43.073487281798066	230.0	6.94444465637207
1384305099000	-89.41107273101547	43.073487281798066	230.0	7.777777671813965
1384305100000	-89.41115856170394	43.073487281798066	230.0	8.333333015441895
1384305101000	-89.41128730773666	43.073498010634125	230.0	8.88888931274414
1384305102000	-89.41139459609725	43.073508739470185	230.0	9.44444465637207
1384305103000	-89.41152334212997	43.073508739470185	230.0	10.0
1384305104000	-89.41165208816268	43.073519468306245	230.0	10.55555534362793
1384305105000	-89.41180229186752	43.073519468306245	230.0	11.38888931274414
1384305106000	-89.41195249557235	43.073530197142304	230.0	11.94444465637207
1384305107000	-89.41210269927718	43.07355165481442	230.0	12.222222328186035
1384305108000	-89.41225290298202	43.07356238365048	230.0	12.222222328186035
1384305109000	-89.41240310668685	43.07359457015866	230.0	13.333333015441895
1384305110000	-89.4125747680638	43.0736374855029	230.0	13.61111068725586
1384305111000	-89.41272497176864	43.07368040084714	230.0	13.88888931274414
1384305112000	-89.41289663314559	43.073744773863496	230.0	14.44444465637207
1384305113000	-89.41304683685043	43.07379841804379	230.0	15.0
1384305114000	-89.41321849822738	43.07386279106015	230.0	15.277777671813965
1384305115000	-89.41339015960433	43.07392716407651	230.0	15.55555534362793
1384305116000	-89.41356182098129	43.073980808256806	230.0	16.11111068725586
1384305117000	-89.41375494003036	43.07404518127316	229.0	15.833333015441895
1384305118000	-89.41392660140731	43.07409882545346	230.0	15.833333015441895
1384305119000	-89.4141411781285	43.0741417407977	230.0	16.94444465637207
1384305120000	-89.4143557548497	43.07418465614194	230.0	17.5
1384305121000	-89.41457033157089	43.07421684265012	230.0	17.77777862548828
1384305122000	-89.4148063659642	43.074238300322236	230.0	17.77777862548828
1384305123000	-89.41502094268539	43.074259757994355	231.0	18.05555534362793
1384305124000	-89.4152569770787	43.074259757994355	231.0	18.33333396911621
1384305125000	-89.41549301147201	43.074259757994355	231.0	18.88888931274414
1384305126000	-89.41572904586532	43.074259757994355	231.0	18.88888931274414
1384305127000	-89.41596508025863	43.074249029158295	231.0	19.16666603088379
1384305128000	-89.41620111465194	43.074249029158295	230.0	19.44444465637207
1384305129000	-89.41643714904525	43.074238300322236	230.0	20.0
1384305130000	-89.41669464111068	43.074227571486176	230.0	20.27777862548828
1384305131000	-89.41695213317611	43.07421684265012	229.0	20.27777862548828
1384305132000	-89.41718816756942	43.07420611381406	229.0	20.55555534362793
1384305133000	-89.41744565963485	43.07418465614194	229.0	20.55555534362793
1384305134000	-89.41770315170028	43.07417392730588	229.0	20.83333396911621
1384305135000	-89.41796064376571	43.07415246963376	229.0	20.83333396911621
1384305136000	-89.41821813583114	43.0741417407977	229.0	20.83333396911621
1384305137000	-89.41847562789657	43.07412028312558	229.0	20.83333396911621
1384305138000	-89.41875457763412	43.07409882545346	230.0	20.83333396911621
1384305139000	-89.41901206969955	43.07406663894528	230.0	20.83333396911621
1384305140000	-89.41926956176498	43.07404518127316	230.0	20.83333396911621
1384305141000	-89.41952705383041	43.074012994764985	230.0	20.83333396911621
1384305142000	-89.41978454589584	43.073991537092866	230.0	21.11111068725586
1384305143000	-89.42004203796127	43.07397007942075	231.0	21.11111068725586
1384305144000	-89.4202995300267	43.07393789291257	230.0	20.83333396911621
1384305145000	-89.42057847976425	43.07391643524045	230.0	20.83333396911621
1384305146000	-89.42081451415756	43.07388424873227	231.0	20.83333396911621
1384305147000	-89.42107200622299	43.07385206222409	230.0	20.83333396911621
1384305148000	-89.42132949828842	43.07380914687985	231.0	20.83333396911621
1384305149000	-89.42158699035384	43.073776960371674	230.0	20.83333396911621
1384305150000	-89.42182302474716	43.073744773863496	229.0	20.55555534362793
1384305151000	-89.42208051681258	43.07370185851926	229.0	20.55555534362793
1384305152000	-89.4223165512059	43.07366967201108	228.0	20.27777862548828
1384305153000	-89.42257404327133	43.07362675666684	228.0	20.27777862548828
1384305154000	-89.42281007766464	43.0735838413226	227.0	20.27777862548828
1384305155000	-89.42304611205795	43.07355165481442	227.0	20.27777862548828
1384305156000	-89.42330360412338	43.073508739470185	226.0	20.0
1384305157000	-89.42353963851669	43.073476552962006	226.0	20.0
1384305158000	-89.42377567291	43.07344436645383	225.0	19.72222137451172
1384305159000	-89.42401170730331	43.07340145110959	225.0	19.72222137451172
1384305160000	-89.42424774169662	43.07336926460141	225.0	19.72222137451172
1384305161000	-89.42448377608993	43.07333707809323	224.0	19.44444465637207
1384305162000	-89.42469835281112	43.07330489158505	224.0	19.44444465637207
1384305163000	-89.42493438720443	43.073272705076874	224.0	19.44444465637207
1384305164000	-89.42517042159774	43.073240518568696	224.0	19.16666603088379
1384305165000	-89.42540645599105	43.07321906089658	224.0	19.16666603088379
1384305166000	-89.42564249038436	43.0731868743884	224.0	18.88888931274414
1384305167000	-89.42585706710555	43.07316541671628	224.0	18.88888931274414
1384305168000	-89.42609310149886	43.07314395904416	223.0	18.88888931274414
1384305169000	-89.42632913589217	43.07312250137204	223.0	18.88888931274414
1384305170000	-89.42654371261337	43.07311177253598	223.0	18.88888931274414
1384305171000	-89.42677974700668	43.07309031486386	223.0	18.61111068725586
1384305172000	-89.42699432372787	43.07306885719174	224.0	18.61111068725586
1384305173000	-89.42723035812118	43.07305812835568	224.0	18.33333396911621
1384305174000	-89.42744493484237	43.073036670683564	224.0	18.33333396911621
1384305175000	-89.42768096923568	43.073025941847504	224.0	18.05555534362793
1384305176000	-89.42789554595687	43.073004484175385	224.0	18.05555534362793
1384305177000	-89.42811012267806	43.072993755339326	225.0	17.77777862548828
1384305178000	-89.42832469939925	43.072983026503266	225.0	17.77777862548828
1384305179000	-89.42856073379257	43.07297229766721	225.0	17.77777862548828
1384305180000	-89.42877531051376	43.07296156883115	225.0	17.77777862548828
1384305181000	-89.42898988723495	43.07296156883115	225.0	17.77777862548828
1384305182000	-89.42920446395614	43.07295083999509	225.0	18.05555534362793
1384305183000	-89.42941904067733	43.07295083999509	225.0	18.05555534362793
1384305184000	-89.42965507507064	43.07295083999509	225.0	18.33333396911621
1384305185000	-89.42986965179183	43.07295083999509	225.0	18.61111068725586
1384305186000	-89.43010568618514	43.07296156883115	225.0	18.88888931274414
1384305187000	-89.43036317825057	43.07296156883115	225.0	19.16666603088379
1384305188000	-89.43059921264388	43.072983026503266	225.0	19.44444465637207
1384305189000	-89.4308352470372	43.072993755339326	225.0	19.44444465637207
1384305190000	-89.4310712814305	43.073015213011445	225.0	19.16666603088379
1384305191000	-89.4312858581517	43.073036670683564	225.0	19.16666603088379
1384305192000	-89.431521892545	43.07305812835568	225.0	18.88888931274414
1384305193000	-89.4317364692662	43.07309031486386	225.0	18.88888931274414
1384305194000	-89.43195104598739	43.07311177253598	225.0	18.33333396911621
1384305195000	-89.43216562270858	43.07314395904416	225.0	16.11111068725586
1384305196000	-89.43235874175765	43.07317614555234	225.0	15.277777671813965
1384305197000	-89.4325304031346	43.07319760322446	225.0	14.166666984558105
1384305198000	-89.43268060683944	43.073229789732636	225.0	12.777777671813965
1384305199000	-89.43283081054427	43.073251247404755	225.0	11.94444465637207
1384305200000	-89.43298101424911	43.073283433912934	225.0	11.94444465637207
1384305201000	-89.43310976028182	43.07331562042111	225.0	10.0
1384305202000	-89.4331955909703	43.07333707809323	226.0	8.61111068725586
1384305203000	-89.43328142165878	43.07336926460141	226.0	7.222222328186035
1384305204000	-89.43334579467513	43.07339072227353	226.0	5.277777671813965
1384305205000	-89.43338871001937	43.07340145110959	226.0	3.3333332538604736
1384305206000	-89.43341016769149	43.07341217994565	227.0	1.6666666269302368
1384305207000	-89.43341016769149	43.07341217994565	227.0	0.0
1384305208000	-89.43341016769149	43.07341217994565	227.0	0.0
1384305209000	-89.43341016769149	43.07341217994565	227.0	0.0
1384305210000	-89.43341016769149	43.07341217994565	227.0	0.0
1384305211000	-89.43341016769149	43.07341217994565	227.0	0.0
1384305212000	-89.43341016769149	43.07341217994565	227.0	0.0
1384305213000	-89.43341016769149	43.07341217994565	227.0	0.0
1384305214000	-89.43341016769149	43.07341217994565	227.0	0.0
1384305215000	-89.43341016769149	43.07341217994565	227.0	0.0
1384305216000	-89.43341016769149	43.07341217994565	227.0	0.0
1384305217000	-89.43341016769149	43.07341217994565	227.0	0.0
1384305218000	-89.43341016769149	43.07341217994565	227.0	0.0
1384305219000	-89.43341016769149	43.07341217994565	227.0	0.0
1384305220000	-89.43341016769149	43.07341217994565	227.0	0.0
1384305221000	-89.43341016769149	43.07341217994565	227.0	0.0
1384305222000	-89.43341016769149	43.07341217994565	227.0	0.0
1384305223000	-89.43341016769149	43.07341217994565	227.0	0.0
1384305224000	-89.43341016769149	43.07341217994565	227.0	0.0
1384305225000	-89.43341016769149	43.07341217994565	227.0	0.0
1384305226000	-89.43341016769149	43.07341217994565	227.0	0.0
1384305227000	-89.43341016769149	43.07341217994565	227.0	0.0
1384305228000	-89.43341016769149	43.07341217994565	227.0	0.0
1384305229000	-89.43341016769149	43.07341217994565	227.0	0.0
1384305230000	-89.43341016769149	43.07341217994565	227.0	0.0
1384305231000	-89.43341016769149	43.07341217994565	227.0	0.0
1384305232000	-89.43343162536361	43.07341217994565	227.0	1.1111111640930176
1384305233000	-89.43347454070785	43.07342290878171	227.0	2.5
1384305234000	-89.43351745605209	43.07343363761777	227.0	3.8888888359069824
1384305235000	-89.43358182906844	43.07344436645383	227.0	5.0
1384305236000	-89.4336462020848	43.07346582412595	227.0	6.111111164093018
1384305237000	-89.43373203277328	43.073487281798066	227.0	6.94444465637207
1384305238000	-89.43381786346175	43.073508739470185	228.0	7.5
1384305239000	-89.43392515182235	43.073540925978364	228.0	8.333333015441895
1384305240000	-89.43403244018295	43.07357311248654	228.0	9.166666984558105
1384305241000	-89.43413972854354	43.07361602783078	228.0	9.722222328186035
1384305242000	-89.43424701690414	43.07364821433896	228.0	10.55555534362793
1384305243000	-89.43437576293685	43.0736911296832	228.0	11.11111068725586
1384305244000	-89.43450450896957	43.073723316191376	228.0	11.666666984558105
1384305245000	-89.43463325500228	43.073776960371674	229.0	12.5
1384305246000	-89.43478345870712	43.07381987571591	229.0	12.777777671813965
1384305247000	-89.43493366241195	43.07386279106015	229.0	13.05555534362793
1384305248000	-89.43508386611678	43.07390570640439	229.0	13.61111068725586
1384305249000	-89.43525552749374	43.07395935058469	229.0	14.166666984558105
1384305250000	-89.43540573119857	43.074002265928925	229.0	14.44444465637207
1384305251000	-89.43557739257552	43.07404518127316	229.0	15.0
1384305252000	-89.43574905395248	43.07409882545346	230.0	15.0
1384305253000	-89.43594217300155	43.0741417407977	230.0	15.55555534362793
1384305254000	-89.4361138343785	43.074195384978	230.0	15.833333015441895
1384305255000	-89.43630695342758	43.074249029158295	230.0	15.833333015441895
1384305256000	-89.43647861480453	43.074291944502534	230.0	16.11111068725586
1384305257000	-89.4366717338536	43.07434558868283	230.0	16.38888931274414
1384305258000	-89.43686485290267	43.07439923286313	230.0	16.38888931274414
1384305259000	-89.43705797195175	43.07445287704343	230.0	16.38888931274414
1384305260000	-89.43725109100082	43.074506521223725	230.0	16.38888931274414
1384305261000	-89.43744421004989	43.07456016540402	230.0	16.66666603088379
1384305262000	-89.43763732909896	43.07460308074826	230.0	16.94444465637207
1384305263000	-89.43783044814803	43.07465672492856	230.0	16.94444465637207
1384305264000	-89.4380235671971	43.0746996402728	230.0	16.94444465637207
1384305265000	-89.4382381439183	43.074753284453095	230.0	16.94444465637207
1384305266000	-89.43843126296737	43.07480692863339	230.0	16.94444465637207
1384305267000	-89.43864583968856	43.07484984397763	230.0	17.22222137451172
1384305268000	-89.43883895873763	43.07490348815793	230.0	17.5
1384305269000	-89.43905353545883	43.07494640350217	230.0	17.5
1384305270000	-89.4392466545079	43.075000047682465	230.0	17.5
1384305271000	-89.43946123122909	43.0750429630267	230.0	17.5
1384305272000	-89.43965435027816	43.075096607207	230.0	17.5
1384305273000	-89.43984746932723	43.07513952255124	230.0	16.94444465637207
1384305274000	-89.4400405883763	43.07518243789548	230.0	16.66666603088379
1384305275000	-89.44023370742538	43.07521462440366	230.0	15.833333015441895
1384305276000	-89.44040536880233	43.075236082075776	230.0	15.55555534362793
1384305277000	-89.4405984878514	43.075257539747895	230.0	15.277777671813965
1384305278000	-89.44079160690048	43.075278997420014	230.0	15.277777671813965
1384305279000	-89.44098472594955	43.07530045509213	231.0	15.0
1384305280000	-89.4411563873265	43.07531118392819	231.0	15.0
1384305281000	-89.44134950637557	43.07531118392819	231.0	14.722222328186035
1384305282000	-89.44152116775253	43.07532191276425	231.0	14.44444465637207
1384305283000	-89.44169282912948	43.07532191276425	231.0	13.88888931274414
1384305284000	-89.44186449050643	43.07532191276425	231.0	13.61111068725586
1384305285000	-89.44201469421127	43.07532191276425	231.0	13.05555534362793
1384305286000	-89.44218635558822	43.07531118392819	231.0	13.05555534362793
1384305287000	-89.44235801696517	43.07531118392819	231.0	13.05555534362793
1384305288000	-89.44250822067	43.07530045509213	231.0	13.05555534362793
1384305289000	-89.44267988204696	43.07530045509213	231.0	13.05555534362793
1384305290000	-89.44285154342391	43.075289726256074	231.0	13.05555534362793
1384305291000	-89.44300174712875	43.075289726256074	231.0	13.05555534362793
1384305292000	-89.44315195083358	43.075289726256074	231.0	12.777777671813965
1384305293000	-89.44332361221053	43.075289726256074	230.0	13.05555534362793
1384305294000	-89.44347381591537	43.075289726256074	230.0	13.333333015441895
1384305295000	-89.44364547729232	43.075289726256074	231.0	13.333333015441895
1384305296000	-89.44379568099716	43.075289726256074	230.0	13.61111068725586
1384305297000	-89.44396734237411	43.075289726256074	231.0	13.61111068725586
1384305298000	-89.44413900375106	43.075289726256074	231.0	13.88888931274414
1384305299000	-89.44431066512801	43.07530045509213	231.0	14.166666984558105
1384305300000	-89.44450378417709	43.07530045509213	231.0	14.722222328186035
1384305301000	-89.44467544555404	43.07530045509213	232.0	15.0
1384305302000	-89.44486856460311	43.07530045509213	232.0	15.0
1384305303000	-89.44506168365218	43.07531118392819	232.0	15.277777671813965
1384305304000	-89.44525480270126	43.07531118392819	232.0	15.55555534362793
1384305305000	-89.44544792175033	43.07532191276425	232.0	15.55555534362793
1384305306000	-89.4456410407994	43.07532191276425	232.0	15.833333015441895
1384305307000	-89.44583415984847	43.07532191276425	232.0	15.833333015441895
1384305308000	-89.44602727889755	43.07532191276425	232.0	15.833333015441895
1384305309000	-89.44622039794662	43.07533264160031	232.0	16.11111068725586
1384305310000	-89.44643497466781	43.07534337043637	233.0	15.833333015441895
1384305311000	-89.44662809371688	43.07534337043637	233.0	15.833333015441895
1384305312000	-89.44682121276595	43.07534337043637	233.0	15.833333015441895
1384305313000	-89.44701433181503	43.07534337043637	233.0	15.833333015441895
1384305314000	-89.4472074508641	43.07534337043637	234.0	16.11111068725586
1384305315000	-89.44742202758529	43.07534337043637	234.0	15.833333015441895
1384305316000	-89.44761514663436	43.07534337043637	235.0	15.833333015441895
1384305317000	-89.44778680801132	43.07533264160031	235.0	15.277777671813965
1384305318000	-89.44797992706039	43.07533264160031	235.0	15.277777671813965
1384305319000	-89.44817304610946	43.07533264160031	236.0	15.277777671813965
1384305320000	-89.44836616515853	43.07533264160031	236.0	15.277777671813965
1384305321000	-89.4485592842076	43.07534337043637	237.0	15.277777671813965
1384305322000	-89.44875240325668	43.07534337043637	237.0	15.55555534362793
1384305323000	-89.44894552230575	43.07534337043637	237.0	15.833333015441895
1384305324000	-89.44913864135482	43.07534337043637	237.0	16.11111068725586
1384305325000	-89.4493317604039	43.07535409927243	237.0	16.11111068725586
1384305326000	-89.44954633712508	43.07536482810849	238.0	16.38888931274414
1384305327000	-89.44976091384628	43.07537555694455	238.0	16.66666603088379
1384305328000	-89.44997549056747	43.07538628578061	239.0	16.94444465637207
1384305329000	-89.45019006728866	43.07538628578061	240.0	17.22222137451172
1384305330000	-89.45038318633773	43.07538628578061	240.0	15.55555534362793
1384305331000	-89.45055484771468	43.07538628578061	239.0	13.333333015441895
1384305332000	-89.4506835937474	43.07538628578061	239.0	10.833333015441895
1384305333000	-89.450790882108	43.07538628578061	239.0	7.777777671813965
1384305334000	-89.45085525512435	43.07538628578061	239.0	5.0
1384305335000	-89.45089817046859	43.07538628578061	239.0	2.5
1384305336000	-89.45091962814071	43.07538628578061	239.0	1.3888888359069824
1384305337000	-89.45091962814071	43.07538628578061	239.0	0.0
1384305338000	-89.45091962814071	43.07538628578061	239.0	0.0
1384305339000	-89.45091962814071	43.07538628578061	239.0	0.0
1384305340000	-89.45091962814071	43.07538628578061	239.0	0.0
1384305341000	-89.45091962814071	43.07538628578061	239.0	0.0
1384305342000	-89.45091962814071	43.07538628578061	239.0	0.0
1384305343000	-89.45091962814071	43.07538628578061	239.0	0.0
1384305344000	-89.45091962814071	43.07538628578061	239.0	0.0
1384305345000	-89.45091962814071	43.07538628578061	239.0	0.0
1384305346000	-89.45091962814071	43.07538628578061	239.0	0.0
1384305347000	-89.45091962814071	43.07538628578061	239.0	0.0
1384305348000	-89.45091962814071	43.07538628578061	239.0	0.0
1384305349000	-89.45091962814071	43.07538628578061	239.0	0.0
1384305350000	-89.45096254348495	43.07538628578061	238.0	1.6666666269302368
1384305351000	-89.45100545882919	43.07538628578061	238.0	3.055555582046509
1384305352000	-89.45106983184554	43.07539701461667	236.0	4.166666507720947
1384305353000	-89.4511342048619	43.07539701461667	234.0	5.833333492279053
1384305354000	-89.45122003555038	43.07539701461667	233.0	6.666666507720947
1384305355000	-89.45130586623885	43.07539701461667	232.0	7.777777671813965
1384305356000	-89.45141315459945	43.07539701461667	231.0	8.61111068725586
1384305357000	-89.45152044296005	43.07539701461667	230.0	9.44444465637207
1384305358000	-89.45164918899276	43.07538628578061	230.0	10.0
1384305359000	-89.45177793502548	43.07538628578061	229.0	10.833333015441895
1384305360000	-89.45192813873031	43.07538628578061	229.0	11.666666984558105
1384305361000	-89.45207834243514	43.07539701461667	229.0	12.5
1384305362000	-89.4522500038121	43.07539701461667	228.0	13.05555534362793
1384305363000	-89.45242166518905	43.07539701461667	228.0	13.61111068725586
1384305364000	-89.452593326566	43.07539701461667	228.0	14.166666984558105
1384305365000	-89.45278644561508	43.07540774345273	228.0	14.722222328186035
1384305366000	-89.45295810699203	43.07540774345273	228.0	15.277777671813965
1384305367000	-89.4531512260411	43.07540774345273	228.0	15.55555534362793
1384305368000	-89.45334434509017	43.07540774345273	228.0	16.11111068725586
1384305369000	-89.45355892181136	43.07541847228879	228.0	16.38888931274414
1384305370000	-89.45375204086044	43.07540774345273	228.0	16.66666603088379
1384305371000	-89.45396661758163	43.07540774345273	229.0	16.66666603088379
1384305372000	-89.45418119430282	43.07539701461667	229.0	16.94444465637207
1384305373000	-89.45439577102401	43.07539701461667	229.0	17.22222137451172
1384305374000	-89.45463180541732	43.07538628578061	230.0	18.05555534362793
1384305375000	-89.45484638213851	43.07537555694455	230.0	18.05555534362793
1384305376000	-89.45508241653182	43.07537555694455	230.0	18.33333396911621
1384305377000	-89.45531845092513	43.07537555694455	232.0	18.33333396911621
1384305378000	-89.45555448531844	43.07537555694455	232.0	18.33333396911621
1384305379000	-89.45579051971175	43.07537555694455	233.0	18.33333396911621
1384305380000	-89.45602655410507	43.07537555694455	233.0	19.16666603088379
1384305381000	-89.45626258849838	43.07537555694455	234.0	19.16666603088379
1384305382000	-89.45649862289169	43.07537555694455	234.0	18.88888931274414
1384305383000	-89.456734657285	43.07537555694455	234.0	18.88888931274414
1384305384000	-89.45694923400619	43.07536482810849	234.0	18.88888931274414
1384305385000	-89.4571852683995	43.07536482810849	234.0	19.16666603088379
1384305386000	-89.45742130279281	43.07535409927243	234.0	19.16666603088379
1384305387000	-89.45765733718612	43.07535409927243	234.0	19.16666603088379
1384305388000	-89.45789337157943	43.07534337043637	234.0	19.16666603088379
1384305389000	-89.45810794830062	43.07533264160031	234.0	19.16666603088379
1384305390000	-89.45834398269393	43.07532191276425	234.0	19.16666603088379
1384305391000	-89.45855855941512	43.07531118392819	234.0	18.88888931274414
1384305392000	-89.45877313613632	43.07530045509213	234.0	18.33333396911621
1384305393000	-89.4589877128575	43.075289726256074	235.0	17.77777862548828
1384305394000	-89.4592022895787	43.075289726256074	235.0	17.22222137451172
1384305395000	-89.45939540862777	43.075278997420014	235.0	17.22222137451172
1384305396000	-89.45960998534896	43.075268268583955	236.0	16.66666603088379
1384305397000	-89.45980310439803	43.075257539747895	236.0	16.94444465637207
1384305398000	-89.46001768111923	43.075246810911835	237.0	16.94444465637207
1384305399000	-89.4602108001683	43.075236082075776	238.0	16.94444465637207
1384305400000	-89.46042537688949	43.075225353239716	238.0	16.94444465637207
1384305401000	-89.46063995361068	43.07521462440366	238.0	16.94444465637207
1384305402000	-89.46083307265975	43.07519316673154	238.0	17.22222137451172
1384305403000	-89.46104764938094	43.07518243789548	239.0	17.22222137451172
1384305404000	-89.46126222610214	43.07518243789548	240.0	17.22222137451172
1384305405000	-89.46147680282333	43.07517170905942	240.0	17.22222137451172
1384305406000	-89.46169137954452	43.07516098022336	241.0	17.5
1384305407000	-89.46190595626571	43.0751502513873	242.0	17.77777862548828
1384305408000	-89.4621205329869	43.0751502513873	242.0	17.77777862548828
1384305409000	-89.46233510970809	43.07516098022336	243.0	18.05555534362793
1384305410000	-89.4625711441014	43.07516098022336	243.0	18.05555534362793
1384305411000	-89.46280717849471	43.07516098022336	244.0	18.61111068725586
1384305412000	-89.4630217552159	43.07517170905942	244.0	18.61111068725586
1384305413000	-89.46325778960922	43.07519316673154	244.0	18.88888931274414
1384305414000	-89.46351528167465	43.0752038955676	243.0	19.44444465637207
1384305415000	-89.46375131606796	43.075225353239716	243.0	20.0
1384305416000	-89.46398735046127	43.075257539747895	244.0	19.72222137451172
1384305417000	-89.46422338485458	43.07530045509213	244.0	19.72222137451172
1384305418000	-89.46445941924789	43.07534337043637	245.0	19.72222137451172
1384305419000	-89.46467399596908	43.07538628578061	246.0	19.72222137451172
1384305420000	-89.46491003036239	43.07543992996091	246.0	19.72222137451172
1384305421000	-89.4651460647557	43.075482845305146	246.0	19.72222137451172
1384305422000	-89.46538209914901	43.07555794715756	246.0	19.72222137451172
1384305423000	-89.46561813354232	43.07562232017392	246.0	20.0
1384305424000	-89.46583271026351	43.07569742202634	246.0	20.0
1384305425000	-89.4660472869847	43.075772523878754	246.0	19.72222137451172
1384305426000	-89.4662618637059	43.07584762573117	245.0	19.16666603088379
1384305427000	-89.46645498275497	43.07592272758359	245.0	18.88888931274414
1384305428000	-89.46666955947616	43.075997829436005	244.0	18.61111068725586
1384305429000	-89.46686267852523	43.07607293128842	243.0	18.61111068725586
1384305430000	-89.4670557975743	43.07613730430478	242.0	18.61111068725586
1384305431000	-89.46724891662338	43.076223134993256	241.0	18.61111068725586
1384305432000	-89.46744203567245	43.07630896568173	240.0	18.33333396911621
1384305433000	-89.46765661239364	43.07638406753415	240.0	18.33333396911621
1384305434000	-89.46784973144271	43.076469898222626	239.0	18.33333396911621
1384305435000	-89.46804285049178	43.07656645774716	238.0	18.61111068725586
1384305436000	-89.46823596954086	43.07665228843564	237.0	18.33333396911621
1384305437000	-89.46842908858993	43.076748847960175	237.0	18.33333396911621
1384305438000	-89.46860074996688	43.07685613632077	237.0	18.33333396911621
1384305439000	-89.46877241134383	43.07696342468137	237.0	18.33333396911621
1384305440000	-89.46894407272079	43.07707071304196	237.0	18.33333396911621
1384305441000	-89.46911573409774	43.07717800140256	237.0	18.33333396911621
1384305442000	-89.4692873954747	43.077285289763154	237.0	18.33333396911621
1384305443000	-89.46945905685165	43.07739257812375	237.0	18.88888931274414
1384305444000	-89.4696307182286	43.077510595320405	236.0	18.61111068725586
1384305445000	-89.46978092193343	43.07762861251706	235.0	18.88888931274414
1384305446000	-89.46993112563827	43.077746629713715	234.0	18.88888931274414
1384305447000	-89.4700813293431	43.07787537574643	233.0	18.88888931274414
1384305448000	-89.47023153304794	43.078004121779145	232.0	18.88888931274414
1384305449000	-89.47038173675277	43.07814359664792	230.0	18.61111068725586
1384305450000	-89.47051048278549	43.078272342680634	229.0	18.33333396911621
1384305451000	-89.47066068649032	43.07840108871335	228.0	18.33333396911621
1384305452000	-89.47081089019515	43.078529834746064	227.0	18.33333396911621
1384305453000	-89.47093963622787	43.07864785194272	227.0	18.05555534362793
1384305454000	-89.4710898399327	43.078765869139374	226.0	17.77777862548828
1384305455000	-89.47121858596542	43.07888388633603	225.0	17.77777862548828
1384305456000	-89.47136878967025	43.079012632368745	225.0	17.77777862548828
1384305457000	-89.47149753570297	43.0791306495654	224.0	18.05555534362793
1384305458000	-89.4716477394078	43.079259395598115	224.0	17.77777862548828
1384305459000	-89.47177648544051	43.07938814163083	224.0	18.05555534362793
1384305460000	-89.47192668914535	43.079516887663544	224.0	18.05555534362793
1384305461000	-89.47205543517806	43.0796349048602	224.0	18.05555534362793
1384305462000	-89.4722056388829	43.079763650892914	223.0	18.05555534362793
1384305463000	-89.47233438491561	43.07989239692563	223.0	18.05555534362793
1384305464000	-89.47246313094833	43.080010414122285	223.0	17.77777862548828
1384305465000	-89.47261333465316	43.08012843131894	223.0	17.77777862548828
1384305466000	-89.47274208068588	43.080246448515595	223.0	17.5
1384305467000	-89.47289228439071	43.08036446571225	223.0	17.5
1384305468000	-89.47302103042342	43.080482482908906	224.0	17.77777862548828
1384305469000	-89.47317123412826	43.08060050010556	224.0	17.77777862548828
1384305470000	-89.47329998016097	43.080729246138276	224.0	17.77777862548828
1384305471000	-89.47345018386581	43.08084726333493	225.0	17.77777862548828
1384305472000	-89.47357892989852	43.08095455169553	225.0	16.66666603088379
1384305473000	-89.47370767593124	43.08106184005612	225.0	16.38888931274414
1384305474000	-89.47383642196395	43.08116912841672	224.0	16.11111068725586
1384305475000	-89.47394371032455	43.081276416777314	224.0	15.833333015441895
1384305476000	-89.47407245635726	43.08138370513791	225.0	15.833333015441895
1384305477000	-89.47417974471786	43.081480264662446	225.0	15.55555534362793
1384305478000	-89.47430849075057	43.08158755302304	225.0	15.55555534362793
1384305479000	-89.47441577911117	43.08169484138364	226.0	15.55555534362793
1384305480000	-89.47454452514388	43.08180212974423	226.0	15.55555534362793
1384305481000	-89.4746732711766	43.08190941810483	226.0	15.55555534362793
1384305482000	-89.4747805595372	43.082027435301484	227.0	15.55555534362793
1384305483000	-89.47490930556991	43.08213472366208	227.0	15.55555534362793
1384305484000	-89.47503805160262	43.082242012022675	227.0	15.55555534362793
1384305485000	-89.47516679763534	43.08234930038327	228.0	15.55555534362793
1384305486000	-89.47529554366805	43.08245658874387	228.0	15.833333015441895
1384305487000	-89.47542428970077	43.08257460594052	228.0	15.833333015441895
1384305488000	-89.47555303573348	43.08268189430112	228.0	15.55555534362793
1384305489000	-89.47566032409408	43.082778453825654	229.0	14.722222328186035
1384305490000	-89.4757890701268	43.08288574218625	229.0	14.722222328186035
1384305491000	-89.47589635848739	43.082993030546845	228.0	14.44444465637207
1384305492000	-89.4760251045201	43.08308959007138	228.0	14.44444465637207
1384305493000	-89.4761323928807	43.08319687843198	228.0	13.88888931274414
1384305494000	-89.4762396812413	43.08329343795651	228.0	13.61111068725586
1384305495000	-89.47634696960189	43.08337926864499	229.0	13.05555534362793
1384305496000	-89.47643280029037	43.083465099333466	229.0	12.777777671813965
1384305497000	-89.47654008865096	43.083561658858	229.0	13.05555534362793
1384305498000	-89.47664737701156	43.08364748954648	229.0	12.777777671813965
1384305499000	-89.47673320770004	43.083733320234955	229.0	12.5
1384305500000	-89.47684049606063	43.08381915092343	230.0	11.666666984558105
1384305501000	-89.47692632674911	43.08389425277585	230.0	11.11111068725586
1384305502000	-89.47701215743758	43.083969354628266	230.0	10.833333015441895
1384305503000	-89.47709798812606	43.08404445648068	230.0	10.55555534362793
1384305504000	-89.47718381881454	43.08410882949704	231.0	10.0
1384305505000	-89.4772481918309	43.0841732025134	231.0	9.44444465637207
1384305506000	-89.47731256484725	43.084237575529755	231.0	9.166666984558105
1384305507000	-89.47739839553573	43.08430194854611	231.0	9.166666984558105
1384305508000	-89.47746276855209	43.08435559272641	231.0	8.88888931274414
1384305509000	-89.47752714156844	43.08441996574277	231.0	8.88888931274414
1384305510000	-89.4775915145848	43.084484338759125	232.0	9.166666984558105
1384305511000	-89.47767734527328	43.08454871177548	232.0	9.44444465637207
1384305512000	-89.47776317596175	43.08461308479184	232.0	10.0
1384305513000	-89.47784900665023	43.0846774578082	232.0	10.833333015441895
1384305514000	-89.47793483733871	43.084752559660615	232.0	11.11111068725586
1384305515000	-89.4780421256993	43.08482766151303	232.0	11.666666984558105
1384305516000	-89.4781494140599	43.08490276336545	232.0	12.222222328186035
1384305517000	-89.4782567024205	43.084977865217866	233.0	12.5
1384305518000	-89.47836399078109	43.08506369590634	233.0	12.777777671813965
1384305519000	-89.47847127914169	43.08514952659482	233.0	13.333333015441895
1384305520000	-89.4786000251744	43.085235357283295	233.0	13.61111068725586
1384305521000	-89.47872877120712	43.08532118797177	233.0	13.88888931274414
1384305522000	-89.47883605956771	43.08540701866025	233.0	13.88888931274414
1384305523000	-89.47896480560043	43.085503578184785	233.0	14.44444465637207
1384305524000	-89.47911500930526	43.08560013770932	233.0	14.722222328186035
1384305525000	-89.47924375533798	43.0856859683978	233.0	15.0
1384305526000	-89.47939395904281	43.08579325675839	233.0	15.55555534362793
1384305527000	-89.47954416274764	43.08588981628293	233.0	15.833333015441895
1384305528000	-89.47969436645248	43.085986375807465	233.0	16.11111068725586
1384305529000	-89.47984457015731	43.086082935332	232.0	16.66666603088379
1384305530000	-89.48001623153426	43.08617949485654	232.0	16.94444465637207
1384305531000	-89.48018789291122	43.086276054381074	232.0	16.66666603088379
1384305532000	-89.48035955428817	43.08637261390561	232.0	17.5
1384305533000	-89.48053121566512	43.086469173430146	232.0	17.77777862548828
1384305534000	-89.48070287704208	43.08657646179074	231.0	17.77777862548828
1384305535000	-89.48087453841903	43.08668375015134	231.0	18.05555534362793
1384305536000	-89.48104619979598	43.08679103851193	231.0	18.05555534362793
1384305537000	-89.48121786117294	43.08689832687253	231.0	18.05555534362793
1384305538000	-89.48138952254989	43.086994886397065	231.0	17.77777862548828
1384305539000	-89.48156118392684	43.0870914459216	231.0	17.77777862548828
1384305540000	-89.4817328453038	43.0871987342822	231.0	17.5
1384305541000	-89.48188304900863	43.08729529380673	231.0	17.5
1384305542000	-89.48205471038558	43.08738112449521	231.0	17.22222137451172
1384305543000	-89.48220491409042	43.087477684019746	231.0	16.94444465637207
1384305544000	-89.48235511779525	43.08757424354428	231.0	16.66666603088379
1384305545000	-89.4825267791722	43.08767080306882	231.0	16.66666603088379
1384305546000	-89.48267698287704	43.087756633757294	231.0	16.66666603088379
1384305547000	-89.48282718658187	43.08785319328183	231.0	16.11111068725586
1384305548000	-89.4829773902867	43.08793902397031	231.0	16.11111068725586
1384305549000	-89.48314905166366	43.08803558349484	231.0	15.833333015441895
1384305550000	-89.4832992553685	43.08812141418332	230.0	15.55555534362793
1384305551000	-89.48344945907333	43.088207244871796	230.0	15.55555534362793
1384305552000	-89.48359966277816	43.08829307556027	230.0	15.277777671813965
1384305553000	-89.48372840881088	43.08837890624875	230.0	15.0
1384305554000	-89.48387861251571	43.088454008101166	230.0	14.722222328186035
1384305555000	-89.48400735854842	43.08853983878964	230.0	14.44444465637207
1384305556000	-89.48413610458114	43.08862566947812	230.0	14.44444465637207
1384305557000	-89.48428630828597	43.088711500166596	230.0	14.44444465637207
1384305558000	-89.48441505431869	43.08879733085507	230.0	14.44444465637207
1384305559000	-89.4845438003514	43.08887243270749	231.0	14.166666984558105
1384305560000	-89.48467254638412	43.08894753455991	231.0	13.61111068725586
1384305561000	-89.48480129241683	43.08903336524838	231.0	13.61111068725586
1384305562000	-89.48490858077743	43.0891084671008	232.0	13.61111068725586
1384305563000	-89.48503732681014	43.08919429778928	232.0	13.333333015441895
1384305564000	-89.48514461517074	43.089258670805634	233.0	11.666666984558105
1384305565000	-89.48523044585922	43.08931231498593	233.0	9.44444465637207
1384305566000	-89.48531627654769	43.08936595916623	234.0	8.05555534362793
1384305567000	-89.48538064956405	43.08940887451047	235.0	6.94444465637207
1384305568000	-89.48542356490829	43.08944106101865	236.0	5.277777671813965
1384305569000	-89.48546648025253	43.089462518690766	236.0	3.055555582046509
1384305570000	-89.48546648025253	43.089483976362885	236.0	2.5
1384305571000	-89.48546648025253	43.089505434035004	236.0	2.222222328186035
1384305572000	-89.48544502258041	43.08952689170712	236.0	2.222222328186035
1384305573000	-89.48542356490829	43.08954834937924	236.0	2.777777671813965
1384305574000	-89.48540210723617	43.08958053588742	236.0	3.3333332538604736
1384305575000	-89.48538064956405	43.08960199355954	236.0	3.3333332538604736
1384305576000	-89.48535919189193	43.08963418006772	236.0	3.3333332538604736
1384305577000	-89.48533773421981	43.08965563773984	236.0	3.055555582046509
1384305578000	-89.48531627654769	43.08967709541196	236.0	2.5
1384305579000	-89.48531627654769	43.08969855308408	236.0	1.9444444179534912
1384305580000	-89.48529481887557	43.089709281920136	236.0	1.6666666269302368
1384305581000	-89.48529481887557	43.089720010756196	236.0	1.6666666269302368
1384305582000	-89.48529481887557	43.089730739592255	236.0	1.3888888359069824
1384305583000	-89.48529481887557	43.089730739592255	236.0	0.0
1384305584000	-89.48529481887557	43.089730739592255	236.0	0.0
1384305585000	-89.48529481887557	43.089730739592255	236.0	0.0
1384305586000	-89.48529481887557	43.089730739592255	236.0	0.0
1384305587000	-89.48529481887557	43.089730739592255	236.0	0.0
1384305588000	-89.48529481887557	43.089730739592255	236.0	0.0
1384305589000	-89.48529481887557	43.089730739592255	236.0	0.0
1384305590000	-89.48529481887557	43.089730739592255	236.0	0.0
1384305591000	-89.48529481887557	43.089730739592255	236.0	0.0
1384305592000	-89.48529481887557	43.089730739592255	236.0	0.0
1384305593000	-89.48529481887557	43.089730739592255	236.0	0.0
1384305594000	-89.48529481887557	43.089730739592255	236.0	0.0
1384305595000	-89.48529481887557	43.089730739592255	236.0	0.0
1384305596000	-89.48529481887557	43.089730739592255	236.0	0.0
1384305597000	-89.48529481887557	43.089730739592255	236.0	0.0
1384305598000	-89.48529481887557	43.089730739592255	236.0	0.0
1384305599000	-89.48529481887557	43.089730739592255	236.0	0.0
